6
2 2
0 1 0 0
4 3
0 1 1 2 2 3
68 24
6 48 15 47 21 55 4 10 32 3 10 4 20 40 41 65 63 39 30 41 21 45 7 49 60 0 46 40 24 13 27 39 2 42 26 31 37 30 49 9 34 59 21 62 39 62 0 43
73 29
59 35 42 8 25 60 70 71 37 19 69 19 7 28 27 0 0 27 58 25 61 72 8 72 30 56 21 37 70 3 7 41 39 50 49 48 37 30 46 59 49 42 5 57 55 17 57 55 44 26 64 17 26 56 16 40 39 21
85 59
0 34 32 54 6 16 45 44 82 52 57 15 20 60 52 44 75 77 48 18 53 75 14 40 39 46 24 26 32 0 39 74 34 29 43 41 45 45 0 42 54 14 58 75 31 67 34 63 16 39 81 69 29 52 67 26 14 6 52 3 48 49 77 83 78 78 81 38 38 38 38 8 53 53 40 84 77 31 63 9 70 16 78 57 69 60 83 83 23 7 43 72 56 35 27 6 70 23 2 24 61 40 74 71 50 29 28 42 60 48 51 2 64 2 59 48 19 57
5 1
2 3
